78 54  3 38 94 73 72 57 51 31 86 43  7 81  4 27 26 58 75 69 74 55  5 28 40
53 54 46 49  6 86 22 58 12 84 72 44 15 13 41  5 78 31 93 75 92 16 83 37 23
30 82 94  7 15 33 67 49 28 16 44  9 59 80 20 70 36 57 58  1 11 34 86  8 81
85 42 99 82 38 49 94  6 59 66 61 90 41 24 33 15 20 50 48 25 91  2 16 86 46
41 34 48 84 44 47 82 19 72 85  7  4 14 33  8 46 21 40 59 36 93 51 65 98 42
88 28 67 95 45 31 75  2 40 97 69 70 91 37 90 76 14 74  5 16 26 79 25 22 30
88 45 64 66 63  3 62 82 77 70 52 25 54 36 35 18 11 85 42 26 33 61 74 56 95
68 85 58  9 17 43 62 77 52 90  6 56 75  3 16 24 20 80 88 64 35 46 91  7 37
82  5 81 70  1 25 73 28 66 54  6 88 95 41 99 96 17 15  8 20  7 61 86 14 45
71 53 89 11  9 21 90  7 97 29 93 51 28 24 98 52 61 65 67 77 19 43 94 42 26
31 83 62 89 40 73 45 35 20 52 70 95  8 64 69 85 68 50 93 88 51 99  4 80 23
28  2 74 23 38  9 81 48 60 97  1 25 83  7 21 85 42 31 68 99 40 94 15 45 54
89 27 93 47 82  4 24 41  6 57 14  7 43 51 76 19 20 22 39 61  5 34 63 60 44
36 34 72 70 25 85 28 30 60 44 84 41  9 11 82 20 96 65 93 18 51 38 52 74 94
90 43 25 33  9 20 86 40 12 72 64  1 32  2 17 26 18 68 69 27 70 31 96 87 11
54 97 68 92 45 50 22 35 30 56 86 60 39 48 16 84 91 10 34  5 36 46 27 44 24
77 18 46  8 47 37 14 54 76 58  2 84 67 49 90 55 93 12 73 17 45 60 15 10 35
78 94 61 55 39 46 32 56 19 90 65 68 54 97 62 75 34 93 35 95 21 88 23 74 18
71 38 55 22 40 13 36 77 65 73 67 11 10 24  7 88  4 27 30 23 51 31 21 46 85
98 92 49 14 48 81 60 32 21 54 59 99 86 39  5 29 53 52 34 57 62 45 38 51 66
61 21 24 96 89 73 68 74 60 55 16 41 36 23 87 78 31 46 76 67  9 11 13 91 58
93 66 71 95 99 62 32 64 67 68 21 47 31 96  4 80 60 51 40 20 36 91  2 33 39
62 15 25 37 74 40 11 82 21 67  6 42 69  3 83 29 28 16 31 54 84 76 98 55 86
77 50 15 22 64 16 54 76 12 30 29  2 41 40  6 20 83 95 55 10 27 70 34 51  9
92 29 52 53 18 69 93 14 63 99 12 66 33 24 22 91  1 89 60 38 30 28 25 17 19
1 79 38 75 23 85 31 76  5 84 21 98  4 77 18 33 11 45 15 34 56 58 32 78 46
80 79 27  2 19 85  6 82 14  4 72 35 90 24 76 29 71 11 39 50 88 30 57 46 61
1 28 52 55 65 92 86 27 46 45 34 37 23 88 42 66 84 89 60 36 78 33 72 82 38
19 45 39 40 93 56 41 34 10 21 38 18  3 16  5 83  9 94 85 63 54 87 37 61 23
38 43 17 46 27 16 44 23 10 72 39  6 53 18 14 57 60 61 55 91 37 22 63 29 15
29 44 81 38 99 78 56 72 51 48 39 89 82 96 98 11 43 55 46 10 84 40 64 59 90
7 79 42 99 97 72 36 30 29 53 18 91 24 34 59  4 28 32 82 60 46 20 10 26 94
37 51 27 68 82 55 48 87 41  7 88 72 78 32 85 54 52 20 47 38 96 25 84 81 76
85 36 33 76 30 40 79 37 70 63 71 81 19  9 56 89 62 27 35 14 17 64 39  5 55
98 54 13 30 96 85 24 20 43 15 93 92  8 12 87 23 88 49 45 95 90 76 36 64 46
96 80 18 54 63 46 52 29 81 94  3 32 97 40 22 15 93 90 55 36 95 45 47 64 56
43 49 91  9 24 87 25 10 75 56  4 14 79 90 11 89 20 16 92 68 73 72 23 65 97
53 73 31 15 65 11 23 90 94 10 92 93 27 24 42 48 79 63 99 84  3 45 69 16 86
50 69 28  8 60 54 38 90 82 52 22 18 21 91 86 14 17 26 45 48 80 73  1 31 44
21  7 55 57 62 25 96 37 46 41 72 47 84 52  3 59 15 29 85 87 73 71 74 42 58
31 98 74  9 20 77 45 26 61 46 55 86 87 56 34 12 92 29 36 39 73 88 69 84 58
9 48 72 15 83 95 46 42 81 47 71 34  3 89  7 43 27 69 75 94 22 82 76  2  6
31 80 32 10 36 51 90 91 87 52 17 63 98 73 88  1 75 24 53 14 15 55 23 59 13
36 12 23 24 45 71 10 32 15 29  4 65 18 99 52 17  7 80  9 58 21 68 76 47 46
61 94 80 21 47 16 62 78 31 36 57 37 10 25 42 30  6 29 38 26 87 23 79 11 34
11  7 19 98 55 61 69  2 64 89 56 84 60 42 25 24 51 34 77 50 48 85 82  4 20
13 46 69 30  7 36 94 26 40 47 32 35 92 68 88 71 28 44 56 83 57 14 99 25 31
63 18 60 75 84 21 96 79 27 30 54 93 83 50 80 25 65 92 66 99 34 12 24 97 81
15 52 26 61 48 72 92 97 94 41 38 18 35 84 14 95 78 66  5 74 51 69 40 98 19
20 74 95 37 52 40 13 94 75 76 68 60 25 93 10 15 69 63 24 77 21 34  1 55  4
33 51 88 69  8 71  3 81 55 47 34  6 78 87 96 59 99 64 86 80  2 85  4  7 41
78 93 29 62 44 20 14 60 73 13 95 55 54 83 70 16 24 71  4 61 42 23  1 81 36
42 22 59 14  8 81 57  3  4 23 10 80 92 49 55 17  1  9 78 44 88 63 41 26 95
83 20 10 58 57 77 92 55 76 26 24 25 93 98 30 79 35 36 15 61 67 69 62 33  9
31 44 43 73 89 17 83 61 35 23 92 82 46 50 94 12 49 39 71 69 54 38 75 76 27
64 97 98 93 54 25 41 77 63 90 74 80 43 26 83 33 48 47 89 21 15 17 78 29 88
3 85  7 28 81 29 25 49 62 38 46 34 92 45 75 76 74 44 30 52 42 89 10 27 95
83 49 94 12 44 84  2 45  9 73 78 68 46 26  1 90 47 85 65 66 72 70 92 97 79
23  6  2 70 43 27 20 14  8 54 88 26 82 56 93 55 80  4 24 97 79 39 46 28 32
79 61 82 11  4  9 13 16  1 42 65 73 64 49 94 38 51 92  6 45 89 34 72 33 63
86 30 54 60 56 96 21 52 84 95 77 50 24 59 79 74 90 29  2 23  4 45 76 35 62
25 48 26 80 85 28  3 92 89  7  1 41  4 49 52 81 84 36 91 44 69 57 21 71 88
20 58 44 35 30 63 92  9  5 62 74 79 80  2 52 33 55 21 83 16 34 56 77 86 89
65 88  8 76 72 53 42 10 74 49 45 54 43 81 57 55 16 13 89 47 61 99  5 62 85
39 54 44 92  2 31 93 22 81 16 51 56 75 50 63 82 58 48 91 14 89 36  8 68 52
18 40 67  9 59 88 26 39 12 54 69 20 70 97 84 27 32 90 46 76 52 58 37  6 34
46 10  8 13 87 64 33 48 25 80 61 47 71 94 74 17 79 45 18  9 44 66 58 52 36
92 25 49 75 94 30 51 36 72 87 54 64 79  8 28 29 59 45 47 19 83 27  5 31 67
70 97 25 67 44 64  9 58 87 86 30  1 72 73 83 56 55 13 57 42 31 69 26 10 93
16 71 91 81 96 27 28 95 54 99 87 73 30  1 77  2 67 13 69 46 82  3 10 20 57
82 53 70 98 54  2 30 56 71 39 60 46 36 77 18 15 88 26 23 76  3 50 21 35 59
16 73 94 56 97  6 76 19  8 40 30 90 20 10 92 11 33 39 99 38 48 86 98 27  3
32 63  3 65 59 99 13 88 17 30 95 74 27 84 21 37 24 69 41 89 76 40 64 62 80
25 79 83 66 14 84 81  7 10 12 53 65 62 98  8 24 92 74 64 99 93 13 42 85 54
50 58 51  1  8  3  5 91 88  6 41 19 49 76 73 75 47 77 42 10 72 64 71 20 35
35 55 96 77 17 31 95 18 14 73 19 21 86 64  3 27  5 43 75 11 88  9 23 60 16
60 21 78 87 25 83 28 63 99 82 91 10 97 90 23 17 69 15 51 67 49  9 73 43 27
29 12 55 31 22  6 10 74 73 20 18 41 93 27 66 77 57 36 44  2 85 72  5 25 54
82 34 21 44 15 74 88 76 32 84 90 71 62 85 27 78 68 73 18 92 16 51  4 29 48
21 32 83  1 61 85 18 63 38  2 34  5 60 89 62 84 25 66 12 45 49 39 30 82 74
5 11  8 13 34 54 74 76 10 51 28 37 15 90 49 77 59 48 20 21 97 95 32 63 33
66 31 10 88 85 61 38 15 60 97 17 77 56 89 91 78 16 95 52 19 80  3 96 62  6
43 38 95 59 86 48 19 69  8 81 75 66 56 52 35 22 76 71 29 39 20 78 99 83 21
8 29 23 18 65 77 39 50 87 69 85 33 60 28 49 67 63 13 90  7 44 34 66 36 94
70 16  5 53 89  2 94 63 72 56 61 92 21 60 28 42 19 88 75 18 51 23  4 17 11
35 85 56 82 74 45 38  8 72 83 63 15 57 69 17 22  7 47 98 67  4  2  1 84 99
13 54 43 99  8 39  6 14 50 69 65 62 35 51 74 57 48  2 98 22 58 49 90 82 76
62 22 59 33 31 57 19 28 35 69  2 39 30 96 36 46 14 47 27  7 89 11 68 88 16
34 32 28 21 61 23 29 59  1 67 86 72 82 46 90 95 79 30 66  2 63 48 49 84 98
12 80 28 90 93 56 16 67 19 33 40 10 97 44 74 99  2 17 91 14 65 96 87 35 52
62  2 13 27 38 79 30 76 66 53 87 10 57 43 11 58 12 24 33 49  1 88 17 19 26
38 88 23 87 34 50 94 61 51 74  6 95 25 53 44 22 93 97 48 82 67  9 31 24 27
19 52 97 72 26 79 44 84 68 88 35 95 62 64 31 85 56 25 10 87  7 77  6 29 61
47 52 25 54 18 30 76 53 72 68 65 85 22 10 66 87 26 19 46 40 36 97 63 98 78
76 50  5  2 90  9 98 89 88 36 35 54 69 51 68 91 56 19 38 30 79 46 70 71 81
9  7 24 97 69 80 28 37 11  2 91 35 74 59  4 72 52 26 19 87 15 48 42 64 75
89  9 75 80 66 16 61 65 13  5 37  6 28  3 46 47 85 32 99 17 23 68 58 88 14
99 58 53 60 87 70 57 47 13 67 30  8 86  9 65 85 89 10 49 22 73 92 74 26 46
85 75 35 37 14 95 31 43 99  4 92 47 74 76 67 20 38  8 13 83 86 45 24 82 94
33 18 27 88 39 69 53 12 68 29  4 14 64 79 11 59 36 73 97 86 43 63 44 77 19
26 70 73 35 58 64 90 72 87 92 44 34  2 79 17 66 80 18 49 48 15 29 96 39 20
15 32 21 72 70 61 47 12 10 52 19 27 58 86 49 92 79 39 34  8 22 77 23 81  6
54 96 13 17 73 68 63 49 71 87 22 12 42 58 67 69 10 97 72 99 82 53 91  1 50
26  6 92 68 51 67 32 14 48  4  7 36 17 64 98 37 46 45 58 65 29 56 87 63 74
67 83  3 96  5 29 50 48 27 20 32 69 61  6  4 28 90 53 38 60 74 99 84 80  2
38 46 33 70 84 16 96 20 64 53 43 97 73 78 75 11 65  6 21 50 99 69 14 26 39
34 99 68 33 66 48 10 90  5 54 85  3 30 40 77 88 37 56 67 49 78 13 80 15 57
95 35 19  6 49 57 79 91 24 46 28 78 77 13 47 75 60 58  7 18 43 83 31 20 67
89 90 57 82 48 11 81 93 25 35 68 94 80 84  1 23 97 16 92 77  7 33 96 38 75
59 88 24 75 23 57 25 99 58 72 91 97 35 19 42  8 52 81 78 41 63 87 94 32 31
27 50 29 13 22 24 25 49 31 67 93  4 75 63 19 72 36 43 85 68 10 64 57 78 30
84 37 22 63 90 68  4 88 52 98 54 47 42 48 77 25 78 29 56 15 39 93 96 79  6
7 64 53 47 33 97 60  3 54 39 37 44 63 27 46 96 57 80 49 14 65 91 30 79 62
6  2 79 50  1 64 21 30 70 44 52 58 47 57 91 49 48  5 88 68 20  3 15 71 12
62 44 64 93 67 25 95 20 65 23 19 22 26 11 33 30 83  9 16 28 12 56 70 18  2
15 58 61 45 31 22 92 95 71 53 35 18 32 49 79 36 41  9  8 50 34 12 59  6 47
11 28 30 23 53 59 85  9 18 19 75 65  6 43 74 37 84 80 88 36 44  4 76 72 24
82 45 11 42 72 81 14 18  6 40 58 92 78 27 51 47 35 56 62 50 89 63 91 88 55
91 54 19 50 61 69 25 30 20 28 57 97 60 81 85 29 42 94 35  4 44 87 17 22 67
67 86 46 26 59 12 49 38  6  9 90 30  1 97 36 50 33 42 48 75 98 19 58 66 44
35 86 78 92 38 28 63 73 26 50 52 59 60 30 42 75  5 96 23 45 15  4 76 85 20
31 12 86 54 16 20 13 18 21 34 67 24 64 80 59 79 94 19  7 89 55 53 76 78 95
57 80 50 47 52 35 15 73 11 95 43 67 60 58 34 45  1 37 98 59 26  7 46 13  6
3 64 27 57  1  4 89 65 73 67 53 80 14 85  6 51 98 55 31 76 38 19 78 28 24
63 68 89 46 18 91 28 61 85 21 14 54 72 45 59 50  4 77 97 16 30 23 95 80  6
29 11 38 68 74 55 53 56  1 45 59  7 46 36 50 77 57 23 75 19 62 49  5 10 51
77 41 87 14 17 24 75 33 58  3 15  9 11 35 72 59 61 86 63 31 42 38 25  1 62
84  1  6 73  5 36 14  3 33 37 15 85 83 10 26 72 46 21 62 91 31 70 79 88 44
42 19 57 93  9 58 37 27 52 98 18 21 13 11 47 14 32 92 73 29 69 15 70 60 24
31  6 36 99 49 24  2 33  3 23 59 75  5 81 15 77 92 63 78 93 61 10 16 45 25
11 40 13 97 65 95 25 45  9  8  1 59 60 68  5 90 23 76 24 73 81 96 93 75 33
93 62 67 21  1 70 33 22 20 86 68 11 85 61 26 57 75 25  2 54 39 43 47 36  6
61 74  5 82 73 19 95 71 35 26 45 80 25  3 70 16  9 58  8 32 21 93 54 30 34
13 24 36 88 64 68 25 26 61 90 21 85 58 59 69 49 44 79 66 17 39 67 92 52 75
94 75 57 38  3 33 49 62 10  1 55 89 27 95 50 18  4 61 71 60 21 28 76 31 78
47 39 75 14 23 43  2 35 67 82 26 96 56 86  8 34 79 68 64  1 59 50 95 18 87
60 27 93 49 51  5 76 57 39 37 22 29 90 19 31 34 78 71 94 52 18 92 36 30 11
15 27 84 92 68 44 63 34 53 59 72 11 30 14 50 93 74 55 81 75 60 18  5 67 12
5 42 54 99 53 79 91 65 49 95 87 77 27 16 30 94 35 57 22 10 44 40 34 69  2
59 61 60 38  1 52 44 76 68 85  9 64 69 43 65  6 48 41  5 79  4 95 25 98 81
62 41 74 65 60 85 77 63 24 35 16 20 96  3 97 56 66 23  6 32 80 40 70 47  2
85 68 66 34 58 29 10 30 31 94 41 72 70 42 65 20 57 78 28 99 39 52 71 93 64
24 54 95 49 66 51 65 81 59 15 50 46 68 82 40 90 18 11 45 83 39 44 48  5 17
7 60 53 17 57 51  8 55 44 85 49 63  6 24 54 48 26 39 52 94 93 98 95 81 22
21 20 15  4 60 59 85 56 10 14 35 13 70 49 92 17 25  3 83  6 44 61 12 48  9
49 62 92 73 52 25 65 79 78 86 55 90 91 60 94 41 88 61 37 24 22 20 57 23 93
27 92 11 46 37 88 90  1 34 62 77 53 69 80 45 25 44 58 50 98  6 56 41 96 52
94 10 40 29 46  5 65 14 95 88  6 38 75 30 74  7 91 73 87 11 26 83 44 23 79
33 69 12 35 98 62 23 57 87 48 22 59 42  9 54 15 97 89 58 73 68 32 14 85 90
68 12 22 71  9  7 28 84 11 69 76 74 19 14 79 83 18  6 93 38 94 16 33 60  4
81 67 90 79 24 55  1  9 88 99 46 61 35 57  7 51 13 43 45 63 59  3 82 73 69
63 79 30  3 13 96 75 89 76 59 61 16 83 32 92 58 84 82 25 49 69 99 70 40  5
57 28 15  2 94 68 22 86 10 71 45 24 31 20 83 96 53 79 59 46 42 62  9 85 36
11 47 95 77 96 12 48 22  5 51 20  1 72  6 21 27 84 41  2  7 71 66  4 37 44
33 23 34 59 24 70 14 50 78 49 61 47 21 71 27 81 95 18 28  5 66  8 99 72 36
61 55 48 39 94 49 93 51 82 18 69 59 53 64 16 63  3 89 50 76 88 23 29 26 47
41 33 97 14 60 50 43 15 66 89 11 74 22 42 24 23  3 76 68  4 70  7 93 86 63
65 55 51 15 74 22 62 17 69 91 46 37 67 78 44 89 19 64 84 39 27 13 33 72 11
35 65  3 56 21 53 78 25 48 95 59 44 97 23 93 28 46  9 51 92  4 24 38 34 62
8 91 69  1 55 65 44 37 64 71 25 86 38 32 39 10 28 97 52 53 72 35 92 12 61
89 93  5 37 68 18 82 17 12  4 62 92 61 64 22 35 41 72 63 11 95 14 98 50 87
37  2 48 28 12 25 66 89 96 80 62 95 90 58  7 26 15 56 17 45 92 22  6 81 39
65 44 87 51 59 35 90 46 48  2 18 89 55 73 25 92 85 33 78 98 75 29 86 19 93
99 62  6 25  3 80 33 41 37  7 72 79 73 93 36 89 48 85 21 51 94 24 75 97  9
64 22 42 60 89 15 63  1 24  8 18 38 66 27 58 61 68 34 73 87 36 45 26 16 28
84 28 95 59 85  9 38 37 55 69 57 65 49 50 36 62 15 35 52 86 78 44  8 23 96
28 24  9 90 68 50 67 81 57 45 12  5 63 40 91 53 77 25 64 69 31 21 34  8  2
74 59 50 19 52 42 38 53 44 89 78 23 68 39 93 25 88 47 16 61  9 30 79 48 46
51 29 39 34 97 75 54 40 28 36 48 79 71 81 72 64 25 67 14 60 32 24 13 88 44
85 89 96 15 37 72 63 18 71 23 87 82 97 75 58 61  5 78 59 54 95 55  9 47 21
80 22 11 24 81 53 72  6 77 62  5 74 50 16 51 83 27 57 10 76 98 93 47 43  8
97 76 51 92 71  4 78 14  1 94 86  6 30 28 55 12 33 13 40 75 26 65 31 62 96
11 37 20 35 13 10 28 95  8 42 69 33 79 29 89  2 21 24 96  1 91  6 80 52 63
50 90  3 91 94 85 76 92 79 57  1 97 75 70 14 22 59 78 54 60 39 71 64  5 41
94 91 66 22 48 71 40 42 72 30 81 36  7 59 19 96 53 89 17 33 62  2 50  3 76
21 19 82 18 38 59 87 56 25  4 31 15 91 43 68 52 66 35 57 84 96 60 65 98 22
34 66 64 84 58 56 38 54 28 12 82 33 42 48 61 46 24 20 92 73  6 67  2 22 49
62 93 97 72 24 57 40 53 44 30  1 76 73  6 66 37 22 21 91 14  7 32 86  4 68
64 40 99 92 69 54 41 21 96 88 83 15 11 26 66 75 68 70 27 98 14 76 13 79  7
28 53 91 58 55 45 23 19 41 78 81  7 95  4 20 57 99 75 86 33 60 10 63 89  1
78 91 69 50 93 56  7 37 45 88 63 61 30 57 13 43 21 23 15 89 98  2 49 17 51
37 33 14 56 58 90 10 72 64 68 85 39 70 73 83 22 31 99 57 12 16 28 82 95 78
45 74  9  8 71 62 76 78 98 49 61 66 91 58 99 89 12 23 19 72 35 69 84 29  2
5 94 84 23 88 74 77 71  9 87 35 73 24 90 60 51 86 43 27 45 76 64 46  2 66
67 71 20 61 97 84 35 99  6  1 27 38 53  3 24 56 52 31 48 39 86 72 37 69 95
40 17 43 66 25  2 81 11 97 42 36 34 38 89 64 46 84 33 23 50 98 67 86 85 24
73 27 22 12 71 61 51 91 34 29  4 28 10 46 82 50 90 86 68 32  2 16 87 89 65
35 99 66 41 51 58 30 82 59 29  8 96 19 24  7 32 93 84 26  6 13 97 52 36 37
71 28 50 81 66 96 56 55 64 15 73 37 98 23 84 31 30 59 51 68  5 91 32 14  4
93 22 12 86 38 43 95 87 36 64 85 25 84 21 67 96 91 73 82 59 32  4 42 58 83
92 24  7 69 70  3 91 98 49 23 34 56 87 47 76 65 44 29 60 14 36 26 35 37 57
99  8 60 70 79 80 45 56  5 49  4 65 81 22 73 66 96 76 52 59  3 34 47 25  9
63 22 50 97 28 92 70  5 87 93 69 42 64 99  4  6 96 59 89 81  1 55 26 60 10
52 91 21 55 96 98 34 84 37 12 16 71 86 14 68 18 74 32 15 80 88 30 90 94 49
50 32 12 14 46 84 22 57 49 69  9 91 31 80 93 64 98 56 70 59 71 30 81 88 99
34 33 86 85 19 62 60 25 64 92 31 53 18 35 20 82 91 95 71 36 78 77 87 89 22
53 35  7 17 96  1 47 74 14 18 57 72 85 45 51 16 79 39 21 25 52 43 77 75 55
1 81 60 11 28 34 63 42 17  3 87 93 55 72 80 16 74 88  6 46 21 50 78 57 41
69 13  8 49 55 57 28 87 80 60 12  7 51 61  6 17 77 67 10 73 82 47 24 90  4
99 22 82 65 15 44 33 69 54 79 52 93 12 42 61 94 81 38 51 60 88 77 76 87 36
22 68 32 39  2 97 17 61 30 45 58 91 46 78 23 60 52 95 96 13  5 37 16 57  9
96 13 70 82 48 27 58 17 14 61 18 81 43 15 32 69 80 76 31 47 84 90 40 75 60