42 68 56  3 28 97  1 78 55 48
39 15 68 83 69  4 71 80 59 25
70  8 28 30 15 86 11 44 81 82
93 32 81 13 41 48 98 23  6 44
51 14 42 47 40 27 95 58 80 29
31 14 40 67 97 70 79 88 91 28
25 62 26 54 35 88 72 64 77 36
 9 58 85 75  7 24 35 16  6 46
41 95 25 20 17 61  7 15 86 81
31 42 65  9 19 90 40 60 29 67
89 62 70  4 22  8 35 40 99 95
39 44 65 79 14  7  6 15 25  5
26 44 63 11 14  6 27 45 60 47
41 87 75 25 85 78 35 70 84 82
97 71 49 95 54 15 12  7 76 42
33 25 99 85 69 15 58 78 71 76
97 90  5 15 73 45 67 93 50 49
94 55 70 74 85 48 63 36 41  3
93 81 51 92 74 25 53 77  9 10
98 69 64 97 45 42 95 25 71  2
17 42 39 19 69  8 34 22 66 12
39  9 94 73 70 79 10 58 17 66
61 50 90 10 64 92 24  2 78 94
90 86 98 57 65 52 89  4 38 25
16 39 54 93 19 98 10 85 30 48
98 79  1 75 78 33 34 77 23  4
72 37 35 24 80 14 79 19 30 29
60 88 52 42 12 27 34 37 28 18
85 38 10 18 45 23  5 19 98 41
39 44  6 14 43 22 15 23 63 16
10 51 84 98 11 46 44 60 23 89
23 95 34  6 42 59 81 15 43 26
12 84 63 98 37 21 92 65 66  4
19 71 64 65 62 59 90 56 37 68
70 23 96 68 60 95 65 99 58 12
 1  5 77 48 84 21 37 99 75 58
85 47 96  7 71 77 41 74 58 51
87 75 49 54 23  9 85 99 91 98
40 43 18 70 94 92 72  7  2 53
66 76 36 54  5 93 12 51  8 19
39 55 74 98  9 36 46 87 69 56
19 87 20 79 53 90 84 88 21 18
17  1 36 52 13 10 86 51 91 98
18  4  7 24 46 52 65 47 36 99
28 56 87 46 90 94  8 64 68 50
55 85 60 82 48 19 11  4 34 89
26 35 25 30 44 57 32 71 68 83
92 68 42 26 18 81 30 11 83 25
19  9 72 35 26 21 74 66 15 99
37 60 77 76 93 69 75  1 52 24
71 55 87 11 47 88 85 80 86  4
54  1 20 93  9 77 13 80  5 22
29 82 97 96 16 46 38 68  6 85
44 84 82 20 85 38  2 40 56 12
17 42 60 46 83 85 36 45 24 15
33 63 64 12 48 43 55  8 67 90
93 32 27 42 78 43  1 25 63 88
79 38 87 33 99 88 48 19 43 44
15 39 45 44 73 76 20 28 30 81
52 19  6  7 62 43 60 77 69 75
38 92 67 98 37 93 10 24 69 99
10 61 82 73 16  9 64 22 55 74
44  5 16 21 52 80 58 62 56 35
 5 62 76  8 57 16 72 89 53 49
31 96 87 53 68 58 76 50 33 22
34  6 59 32 88 70 97 12 39 26
35 46  3 44 17 90  9 71 52 59
72 79 64 45 27 30  5 29  8 19
57 64 26 86  9 31 42 56 44  1
30 29 52 14 23 61 60 41 44 89
47 43 89 74 10 56 34 93 39 96
92 94  6 27 11 86 98 16 56  8
84 31 37  3 13 62 86 17 41 40
58 34 88 10 36 86 78 27 94 53
73 64 18 59 27 89 91 43  6  1
16 60 35 32 68 77 55 23 43 96
75 24  1 56 98 67 16  4  6  3
87 86 75 45  4 26 27 84 34  1
71 95 90 80 43 86 85 40 82 88
46 40 86 49 55  5 22 17 67 18
95 58 73 33 26 51 74 16 14 12
78 44 81 99 19 75 27  7 10 92
10 63 88 24 32 71 91 23 50 45
95  9 57 47 40 98 75 88 26 38
57 37 83 67 20 54 74 84 15 69
12 10 71 28 31 73 43 21 87 65
90 13 57 74  2 62 49  8 51 99
23 22 81 36 53 88 73 84 95 32
49 98 63 86 30 90 29 59 95  2
16 19 56 33 74 65 87 91 35 96
64 55 93 10 13 26 95 65 53 32
93 44  9 50 74 27 22 78 82 51
87  7 72 31 10 52  6 26 62 95
19 30 18 72 36 78 52 26 68 65
88 68 69 56 35  2 46 90 98 89
72 74 11  9 48 52 69 35 28 15
14 23 16 58 89  3 66 75 32 61
76 81 36 13 14 72 62  7 42 19
47 99 96 35 74 20 24 85 13 67
27  6 13 95 30 79 51  9  8 57
10 64 25 32 45 22 90 12 14 49
52 92 91 29 34 85 10 72 79 20
13 11 58  2 70 28 20 21 96 73
56 55 16 50 43  4  8 47 59 15
43 66 83  4 30 96 76 55 49 72
61 30 55 79 54 76  9 90 35 94
38 83 24 27 69 72 15 40 87 92
73 82 30 15 29 24 76 89 12 43
78 24 31 40 37 18 17 69 73 99
61 12 77 67 33 37 51 40 89 53
49 27 78 36 31 24 57 72 13 68
39 98 56 93 48 52 47 37 22 42
44  7 57 79 39 33 46 14 65 97
92 56 47 49 20 24 12 73 48 21
25 23 22 30 26 95 93 12 28 16
88 68 58 75 76  3 41 70 14 94
15 64 73 86 92 62  5 85 56 70
35  1 99 44 29 10 94 48 14 45
 6 43 34 80 62 66 69 21 58 14
18 59 30 29  2 73 90 83 32 54
56 94 72 15 25 41 57 13 73 92
11  1 24 82 68 96 93 43 53 97
22 90 86  3 34 38  4 83 51  2
39 16 36 48 72 15 63 74 42 35
92 44 37 29 22 40 73 24 60 90
82 32  9 37 95 39 18  7 27 47
14 69 31 87 52 56 59 42 97 17
49 33 25 38 81 97 69 37 83 64
 7 39 67 42 76 17 48  6 10 57
41  7  6 57 75 81  9 78 59 63
77 69 42 74 62 46 32 30 82 64
66 26 94 33 67  2 19 70 75 93
65  2 47 99 72 19 86 14 58 64
19 68 38 75 92 21 98 26 82 87
49 47 78  9 24 74 28 88 39 45
25 13 15 49 96  9 91 48 21 24
33 80 46 54 37 62 42 21 14  1
54 45 82 23 47 37  1 58 62 92
68 76 41 82 98 45 54 21 99 64
87 51 66 93 54 74 27 88 26 13
13 26 81 12  7 10 31  5 36 57
31 28 57 29 71 66 85 20 99 68
26 47 19  8 60 28 38 29 58 42
90 41 55 61 37  4 24 47 59 15
35 49 10 44  9 14 13 61 21  3
68 89 66  8 93 62 46 42 22 35
 1 96 53 41 90 25 45 77 50 27
65 88 35 40 91 30 86 98 94  7
58 26 33 25 35 32 48 90 22 57
34 41 60 42 25 31 63 37 93 61
12 85 81 90 69 21 65 45 13  5
54 71 28 68  8 49 76  3 18 38
60 66 22 30  6 24 23  4 73  9
20 47 51 70 26 75 27  9  1 14
68 76 71 78 45 51 26 47 15 37
72 91 27 25  1 32 86 92  5 37
 6 40 57 75 89 95 39 80 19 50
87  4 57 18 25  2 80 53 31  9
67 66 33 80 88 64 73 82 85 32
46 69 49 52 87 68 62 82 78 64
37 14 22 17 35 64 82 12 98 72
26 78 15 58 98  8 13 76 63  3
92 16 19 59 79  6 54 91 96 36
48 93 37 21 72 36 85 97 63  7
38 63 39 54 88 58 73 62 56 15
24 19 75 56 41 61 58 98 44 82
 2  9 41 68 10 31 63 91 53 67
46 19 79 88 23  6  9 42 52 61
71 69 41 94 18 89 84 39 30 85
 1 39 70 62 64 43 14 46 48  3
87 48 12 94 38 77 65 13  5 44
89 18 44 14 42 73 64 83 29 41
35 44 49  6 51 22 85 74 28 13
78 82 23 60  2 90 20 98 26 15
46 89 97  1 51 71 26 84 68 38
83 72 64 92  1 85 78 30 77 20
29 13 47 40 60 71 90 25 93 41
41 53 57  7 68 10 37 21 97  1
76 27 83 64 75 11 69  7 99 14
73 98 25 54 80 83 68 38 13 39
15 23 49 56 69 91 45 43 30 61
51 33 74 49 40 59 22 73 10 24
89 29  9 76 84 91 12 35 49 62
77 46 64 63 23 34 90 21 86 41
95 38  3 39 67 24 53 56  1 35
50 89 96  2 66 98 11 81 41 40
96 90 44 53 55 37 10 95  6 25
26 36  7 29 96 58 82  8 41 97
31 28 55 91 66 68 30 73 98 92
53 65 20 16 99 49  7 39 74 27
24 56 32 14 34 16 73 98 59 53
55 10 26 16 19 51  4 47 22 65
 5 63 80 28  6 60 70 55 97 89
94 16 71 30 84 51 89 18 52 56
73 63 24 40 47 42 41 11 66 95
14 50 34 21 81 27  9 57 58 72
50 60 85 34 57  8 22 18 54 59
99 92 12 39 36  9 18 68 66 15
 9 40 14 21 42 13 48 22 35 44
18 23 50 60 67 44 98 17 30 28
34 44 25  6 11 18 31 93 43 64
92 67 16 37 19  9  2 74 41 34